        0.1140659705
     0.0007061256859
       0.03618648634
      0.002755247744
      -0.09305415691
      0.005946696006
       -0.1114648993
      0.009968891381
      -0.09546087444
       0.01443102175
       -0.1150149592
       0.01890244856
        0.1401694098
       0.02295561339
       -0.1281175206
       0.02620791477
       -0.1111253744
       0.02835824243
       0.02036464522
       0.02921455149
      0.007315583348
       0.02870993341
       -0.1642075479
       0.02690595724
      -0.01761621730
       0.02398344801
      -0.04608350405
       0.02022217746
      -0.07690525393
       0.01597201844
       -0.1521563452
       0.01161885057
        0.2220953459
      0.007548839358
       -0.1320849025
      0.004114634688
      -0.07762475442
      0.001606587112
      -0.02178154914
     0.0002313413803
       -0.1067870847
     9.924349224E-05
        0.1376782630
      0.001221008158
       -0.1399321584
      0.003513152523
       0.07808535848
      0.006810906291
        0.1242794714
       0.01088672778
      -0.08320820700
       0.01547222767
        0.1394215475
       0.02028123196
      -0.04580041419
       0.02503187794
      -0.08255929094
       0.02946598581
        0.1038800430
       0.03336442065
      -0.01009580119
       0.03655769137
       -0.1597954528
       0.03893155976
      -0.08688405698
       0.04042790300
        0.1120215005
       0.04104144744
       -0.1247022061
       0.04081324932
     -0.001329205359
       0.03982193244
      -0.03244993057
       0.03817371266
       0.09150933613
       0.03599216222
       0.06359720267
       0.03340851913
       0.04564907348
       0.03055315492
       -0.1299423266
       0.02754860557
       0.05835715316
       0.02450436789
       0.05998054468
       0.02151348417
       -0.1446780816
       0.01865079476
        0.1068644447
       0.01597263503
      -0.09515230710
       0.01351769152
      -0.06182489557
       0.01130870812
     -0.008652912056
      0.009354739655
      -0.02558986805
      0.007653680211
       0.05321268506
      0.006194838120
        0.1169317437
      0.004961381624
       -0.1155201560
      0.003932531992
       -0.1261965441
      0.003085430032
       0.03931021338
      0.002396643968
       -0.1254888709
      0.001843319946
       0.06840916913
      0.001404000704
      -0.08857954576
      0.001059153487
       -0.1293064962
     0.0007914564308
       -0.1249797024
     0.0005858947713
      -0.07496593063
     0.0004297159068
       0.05135357691
     0.0003122871989
        0.1353651989
     0.0002248935187
       -0.1270778405
     0.0001605041685
    -0.0005292682055
     0.0001135315824
      -0.07442058281
     7.959767822E-05
       -0.1391910015
     5.531818241E-05
       0.07612741964
     3.811078831E-05
      -0.05462073358
     2.602960852E-05
       0.06950421671
     1.762595661E-05
       -0.1346346841
     1.183388750E-05
      0.007631402749
     7.877980879E-06
        0.1273647131
     5.200403780E-06
      -0.03435342809
     3.404196970E-06
       0.01434912213
     2.209874341E-06
       -0.1382996622
     1.422704211E-06
       0.04082898899
     9.083929491E-07
       0.03143811295
     5.752572561E-07
      -0.02843498813
     3.613233002E-07
       0.07935687194
     2.251079456E-07
    -1.262044949E-05
     1.391109469E-07
        0.1267132860
     8.527488217E-08
      -0.08841520244
     5.185408357E-08
      -0.01001712380
     3.127937364E-08
        0.1316852276
     1.871784247E-08
        0.1352323427
     1.111175309E-08
        0.1012624653
     6.543949750E-09
       -0.1401855944
     3.823150168E-09
       -0.1191795899
     2.215677598E-09
      -0.01784856816
     1.273651388E-09
       -0.1399147520
     7.260472842E-10
       -0.1176035857
     4.102808975E-10
    -6.999280659E-08
     2.296604068E-10
       -0.1266779223
     1.271731087E-10
        0.1390769589
     6.948955825E-11
       -0.1168737053
     3.729013457E-11
      -0.06085027501
     1.947223796E-11
        0.1316788182
     9.712315415E-12
       -0.1428706807
     4.445559193E-12
       0.06330228687
     1.691494962E-12
        0.1076420116
     3.836053153E-13
