     4.899327299E-08
     1.988879882E-07
     4.540945270E-07
     8.190726629E-07
     1.298329865E-06
     1.896419553E-06
     2.617939300E-06
     3.467528991E-06
     4.449868923E-06
     5.569677862E-06
     6.831711061E-06
     8.240758217E-06
     9.801641393E-06
     1.151921289E-05
     1.339835306E-05
     1.544396810E-05
     1.766098781E-05
     2.005436324E-05
     2.262906439E-05
     2.539007781E-05
     2.834240417E-05
     3.149105580E-05
     3.484105418E-05
     3.839742738E-05
     4.216520754E-05
     4.614942820E-05
     5.035512171E-05
     5.478731649E-05
     5.945103438E-05
     6.435128785E-05
     6.949307729E-05
     7.488138812E-05
     8.052118807E-05
     8.641742425E-05
     9.257502032E-05
     9.899887360E-05
     0.0001056938521
     0.0001126647916
     0.0001199164927
     0.0001274537180
     0.0001352811888
     0.0001434035822
     0.0001518255283
     0.0001605516069
     0.0001695863447
     0.0001789342119
     0.0001885996196
     0.0001985869163
     0.0002089003853
     0.0002195442410
     0.0002305226265
     0.0002418396102
     0.0002534991827
     0.0002655052539
     0.0002778616497
     0.0002905721094
     0.0003036402822
     0.0003170697243
     0.0003308638962
     0.0003450261593
     0.0003595597731
     0.0003744678923
     0.0003897535637
     0.0004054197234
     0.0004214691938
     0.0004379046808
     0.0004547287712
     0.0004719439293
     0.0004895524947
     0.0005075566792
     0.0005259585641
     0.0005447600978
     0.0005639630926
     0.0005835692230
     0.0006035800221
     0.0006239968798
     0.0006448210399
     0.0006660535982
     0.0006876954994
     0.0007097475352
     0.0007322103421
     0.0007550843989
     0.0007783700245
     0.0008020673763
     0.0008261764473
     0.0008506970647
     0.0008756288881
     0.0009009714068
     0.0009267239388
     0.0009528856288
     0.0009794554462
      0.001006432184
      0.001033814457
      0.001061600699
      0.001089789166
      0.001118377928
      0.001147364873
      0.001176747704
      0.001206523937
      0.001236690904
      0.001267245745
      0.001298185414
      0.001329506674
      0.001361206099
      0.001393280071
      0.001425724782
      0.001458536229
      0.001491710221
      0.001525242371
      0.001559128102
      0.001593362642
      0.001627941028
      0.001662858103
      0.001698108519
      0.001733686735
      0.001769587017
      0.001805803444
      0.001842329898
      0.001879160076
      0.001916287484
      0.001953705438
      0.001991407069
      0.002029385321
      0.002067632951
      0.002106142534
      0.002144906461
      0.002183916942
      0.002223166008
      0.002262645510
      0.002302347125
      0.002342262354
      0.002382382525
      0.002422698797
      0.002463202160
      0.002503883437
      0.002544733287
      0.002585742208
      0.002626900541
      0.002668198466
      0.002709626014
      0.002751173062
      0.002792829341
      0.002834584435
      0.002876427787
      0.002918348703
      0.002960336350
      0.003002379766
      0.003044467859
      0.003086589411
      0.003128733083
      0.003170887419
      0.003213040848
      0.003255181690
      0.003297298155
      0.003339378356
      0.003381410304
      0.003423381918
      0.003465281025
      0.003507095370
      0.003548812614
      0.003590420344
      0.003631906072
      0.003673257246
      0.003714461249
      0.003755505408
      0.003796376995
      0.003837063235
      0.003877551311
      0.003917828364
      0.003957881506
      0.003997697819
      0.004037264363
      0.004076568178
      0.004115596294
      0.004154335734
      0.004192773516
      0.004230896666
      0.004268692216
      0.004306147214
      0.004343248727
      0.004379983847
      0.004416339700
      0.004452303444
      0.004487862284
      0.004523003470
      0.004557714306
      0.004591982155
      0.004625794445
      0.004659138676
      0.004692002423
      0.004724373341
      0.004756239176
      0.004787587766
      0.004818407047
      0.004848685061
      0.004878409961
      0.004907570015
      0.004936153612
      0.004964149270
      0.004991545640
      0.005018331511
      0.005044495816
      0.005070027640
      0.005094916220
      0.005119150957
      0.005142721417
      0.005165617336
      0.005187828631
      0.005209345399
      0.005230157925
      0.005250256687
      0.005269632362
      0.005288275830
      0.005306178180
      0.005323330712
      0.005339724949
      0.005355352634
      0.005370205738
      0.005384276467
      0.005397557263
      0.005410040811
      0.005421720044
      0.005432588142
      0.005442638546
      0.005451864953
      0.005460261326
      0.005467821895
      0.005474541164
      0.005480413910
      0.005485435192
      0.005489600353
      0.005492905022
      0.005495345119
      0.005496916858
      0.005497616751
      0.005497441610
      0.005496388550
      0.005494454994
      0.005491638674
      0.005487937632
      0.005483350227
      0.005477875135
      0.005471511350
      0.005464258189
      0.005456115291
      0.005447082622
      0.005437160476
      0.005426349474
      0.005414650570
      0.005402065048
      0.005388594527
      0.005374240959
      0.005359006633
      0.005342894172
      0.005325906538
      0.005308047029
      0.005289319283
      0.005269727275
      0.005249275316
      0.005227968060
      0.005205810494
      0.005182807947
      0.005158966082
      0.005134290901
      0.005108788741
      0.005082466272
      0.005055330501
      0.005027388765
      0.004998648733
      0.004969118405
      0.004938806106
      0.004907720489
      0.004875870531
      0.004843265531
      0.004809915106
      0.004775829191
      0.004741018037
      0.004705492204
      0.004669262563
      0.004632340289
      0.004594736861
      0.004556464056
      0.004517533948
      0.004477958902
      0.004437751570
      0.004396924892
      0.004355492084
      0.004313466640
      0.004270862326
      0.004227693173
      0.004183973477
      0.004139717790
      0.004094940916
      0.004049657909
      0.004003884062
      0.003957634909
      0.003910926214
      0.003863773965
      0.003816194374
      0.003768203866
      0.003719819074
      0.003671056834
      0.003621934179
      0.003572468333
      0.003522676701
      0.003472576868
      0.003422186587
      0.003371523779
      0.003320606518
      0.003269453030
      0.003218081686
      0.003166510989
      0.003114759575
      0.003062846199
      0.003010789733
      0.002958609153
      0.002906323536
      0.002853952051
      0.002801513950
      0.002749028563
      0.002696515288
      0.002643993584
      0.002591482962
      0.002539002979
      0.002486573228
      0.002434213333
      0.002381942935
      0.002329781692
      0.002277749264
      0.002225865307
      0.002174149467
      0.002122621366
      0.002071300603
      0.002020206735
      0.001969359277
      0.001918777690
      0.001868481371
      0.001818489650
      0.001768821776
      0.001719496913
      0.001670534128
      0.001621952387
      0.001573770541
      0.001526007324
      0.001478681339
      0.001431811055
      0.001385414794
      0.001339510727
      0.001294116862
      0.001249251040
      0.001204930923
      0.001161173989
      0.001117997522
      0.001075418606
      0.001033454116
     0.0009921207109
     0.0009514348242
     0.0009114126586
     0.0008720701775
     0.0008334230974
     0.0007954868809
     0.0007582767291
     0.0007218075749
     0.0006860940753
     0.0006511506051
     0.0006169912495
     0.0005836297975
     0.0005510797354
     0.0005193542401
     0.0004884661727
     0.0004584280722
     0.0004292521493
     0.0004009502803
     0.0003735340015
     0.0003470145028
     0.0003214026227
     0.0002967088424
     0.0002729432805
     0.0002501156877
     0.0002282354420
     0.0002073115434
     0.0001873526095
     0.0001683668704
     0.0001503621648
     0.0001333459354
     0.0001173252246
     0.0001023066709
     8.829650498E-05
     7.530054590E-05
     6.332419784E-05
     5.237244679E-05
     4.244985739E-05
     3.356057007E-05
     2.570829827E-05
     1.889632588E-05
     1.312750494E-05
     8.404253356E-06
     4.728552995E-06
     2.101947820E-06
     5.255423059E-07
