     3.506508283E-06
     1.422385021E-05
     3.243446711E-05
     5.840069323E-05
     9.236348760E-05
     0.0001345412414
     0.0001851286669
     0.0002442957723
     0.0003121869299
     0.0003889200389
     0.0004745857896
     0.0005692470323
     0.0006729382524
     0.0007856651567
     0.0009074043716
      0.001038103255
      0.001177679823
      0.001326022795
      0.001482991747
      0.001648417392
      0.001822101960
      0.002003819704
      0.002193317505
      0.002390315592
      0.002594508364
      0.002805565310
      0.003023132028
      0.003246831340
      0.003476264484
      0.003711012397
      0.003950637071
      0.004194682976
      0.004442678550
      0.004694137746
      0.004948561626
      0.005205440005
      0.005464253118
      0.005724473335
      0.005985566878
      0.006246995565
      0.006508218558
      0.006768694105
      0.007027881283
      0.007285241717
      0.007540241286
      0.007792351795
      0.008041052609
      0.008285832253
      0.008526189961
      0.008761637168
      0.008991698945
      0.009215915375
      0.009433842854
      0.009645055318
      0.009849145399
       0.01004572550
       0.01023442876
       0.01041491000
       0.01058684649
       0.01074993869
       0.01090391089
       0.01104851172
       0.01118351461
       0.01130871814
       0.01142394628
       0.01152904857
       0.01162390018
       0.01170840190
       0.01178248001
       0.01184608613
       0.01189919687
       0.01194181357
       0.01197396176
       0.01199569075
       0.01200707298
       0.01200820338
       0.01199919872
       0.01198019676
       0.01195135550
       0.01191285228
       0.01186488284
       0.01180766043
       0.01174141477
       0.01166639103
       0.01158284882
       0.01149106110
       0.01139131308
       0.01128390117
       0.01116913184
       0.01104732054
       0.01091879057
       0.01078387201
       0.01064290061
       0.01049621675
       0.01034416434
       0.01018708982
       0.01002534111
      0.009859266658
      0.009689214482
      0.009515531221
      0.009338561267
      0.009158645908
      0.008976122510
      0.008791323750
      0.008604576880
      0.008416203042
      0.008226516618
      0.008035824636
      0.007844426213
      0.007652612045
      0.007460663946
      0.007268854426
      0.007077446324
      0.006886692479
      0.006696835443
      0.006508107247
      0.006320729199
      0.006134911735
      0.005950854296
      0.005768745259
      0.005588761896
      0.005411070372
      0.005235825777
      0.005063172195
      0.004893242794
      0.004726159962
      0.004562035451
      0.004400970565
      0.004243056358
      0.004088373863
      0.003936994339
      0.003788979534
      0.003644381966
      0.003503245219
      0.003365604256
      0.003231485734
      0.003100908336
      0.002973883110
      0.002850413811
      0.002730497253
      0.002614123655
      0.002501277002
      0.002391935394
      0.002286071403
      0.002183652422
      0.002084641016
      0.001988995263
      0.001896669098
      0.001807612641
      0.001721772527
      0.001639092221
      0.001559512332
      0.001482970913
      0.001409403751
      0.001338744650
      0.001270925703
      0.001205877555
      0.001143529648
      0.001083810462
      0.001026647745
     0.0009719687244
     0.0009197003161
     0.0008697693139
     0.0008221025731
     0.0007766271803
     0.0007332706125
     0.0006919608851
     0.0006526266892
     0.0006151975181
     0.0005796037832
     0.0005457769204
     0.0005136494861
     0.0004831552441
     0.0004542292432
     0.0004268078857
     0.0004008289881
     0.0003762318329
     0.0003529572136
     0.0003309474714
     0.0003101465258
     0.0002904998977
     0.0002719547274
     0.0002544597858
     0.0002379654805
     0.0002224238572
     0.0002077885955
     0.0001940150012
     0.0001810599940
     0.0001688820917
     0.0001574413910
     0.0001466995454
     0.0001366197398
     0.0001271666634
     0.0001183064797
     0.0001100067950
     0.0001022366249
     9.496635992E-05
     8.816772899E-05
     8.181376280E-05
     7.587875592E-05
     7.033822834E-05
     6.516888662E-05
     6.034858482E-05
     5.585628512E-05
     5.167201866E-05
     4.777684635E-05
     4.415282009E-05
     4.078294423E-05
     3.765113754E-05
     3.474219575E-05
     3.204175468E-05
     2.953625413E-05
     2.721290243E-05
     2.505964184E-05
     2.306511488E-05
     2.121863144E-05
     1.951013687E-05
     1.793018103E-05
     1.646988828E-05
     1.512092847E-05
     1.387548894E-05
     1.272624747E-05
     1.166634628E-05
     1.068936701E-05
     9.789306668E-06
     8.960554596E-06
     8.197870366E-06
     7.496362661E-06
     6.851469065E-06
     6.258936788E-06
     5.714804273E-06
     5.215383693E-06
     4.757244278E-06
     4.337196479E-06
     3.952276935E-06
     3.599734211E-06
     3.277015278E-06
     2.981752724E-06
     2.711752653E-06
     2.464983259E-06
     2.239564037E-06
     2.033755607E-06
     1.845950131E-06
     1.674662292E-06
     1.518520804E-06
     1.376260446E-06
     1.246714573E-06
     1.128808096E-06
     1.021550902E-06
     9.240316941E-07
     8.354122223E-07
     7.549218986E-07
     6.818527578E-07
     6.155547622E-07
     5.554314164E-07
     5.009356849E-07
     4.515661903E-07
     4.068636712E-07
     3.664076955E-07
     3.298136032E-07
     2.967296700E-07
     2.668344752E-07
     2.398344617E-07
     2.154616774E-07
     1.934716830E-07
     1.736416192E-07
     1.557684171E-07
     1.396671484E-07
     1.251695016E-07
     1.121223753E-07
     1.003865855E-07
     8.983566994E-08
     8.035479302E-08
     7.183973470E-08
     6.419596300E-08
     5.733778234E-08
     5.118755050E-08
     4.567496142E-08
     4.073638836E-08
     3.631428078E-08
     3.235661403E-08
     2.881638423E-08
     2.565114784E-08
     2.282259989E-08
     2.029619030E-08
     1.804077245E-08
     1.602828372E-08
     1.423345385E-08
     1.263353972E-08
     1.120808395E-08
     9.938695057E-09
     8.808847910E-09
     7.803702510E-09
     6.909939267E-09
     6.115610051E-09
     5.410002398E-09
     4.783517089E-09
     4.227557190E-09
     3.734427453E-09
     3.297243466E-09
     2.909849639E-09
     2.566744851E-09
     2.263015635E-09
     1.994275663E-09
     1.756611365E-09
     1.546532789E-09
     1.360929414E-09
     1.197030347E-09
     1.052368615E-09
     9.247489606E-10
     8.122189925E-10
     7.130431746E-10
     6.256795776E-10
     5.487590164E-10
     4.810663570E-10
     4.215236790E-10
     3.691753525E-10
     3.231746016E-10
     2.827714753E-10
     2.473021730E-10
     2.161793735E-10
     1.888837636E-10
     1.649563774E-10
     1.439918013E-10
     1.256321084E-10
     1.095614539E-10
     9.550128694E-11
     8.320606825E-11
     7.245946319E-11
     6.307099076E-11
     5.487298886E-11
     4.771798379E-11
     4.147629517E-11
     3.603398329E-11
     3.129096616E-11
     2.715939226E-11
     2.356217928E-11
     2.043172589E-11
     1.770879192E-11
     1.534147181E-11
     1.328431175E-11
     1.149753870E-11
     9.946359323E-12
     8.600365557E-12
     7.432976182E-12
     6.420979801E-12
     5.544114276E-12
     4.784702159E-12
     4.127327187E-12
     3.558553280E-12
     3.066676194E-12
     2.641505034E-12
     2.274169095E-12
     1.956953720E-12
     1.683151161E-12
     1.446934809E-12
     1.243241296E-12
     1.067678164E-12
     9.164332626E-13
     7.862007019E-13
     6.741149581E-13
     5.776926892E-13
     4.947851303E-13
     4.235326216E-13
     3.623263734E-13
     3.097747277E-13
     2.646758510E-13
     2.259917778E-13
     1.928263146E-13
     1.644054354E-13
     1.400623237E-13
     1.192219612E-13
     1.013893534E-13
     8.613772206E-14
     7.310001790E-14
     6.196060070E-14
     5.244807876E-14
     4.432898623E-14
     3.740297766E-14
     3.149804783E-14
     2.646667242E-14
     2.218205361E-14
     1.853599767E-14
     1.543570687E-14
     1.280169148E-14
     1.056597458E-14
     8.670462293E-15
     7.065729624E-15
     5.709561937E-15
     4.565997387E-15
     3.604645508E-15
     2.799721599E-15
     2.129660935E-15
     1.576163809E-15
     1.124115156E-15
     7.610716448E-16
     4.769919006E-16
     2.639407575E-16
     1.159264375E-16
     2.877564251E-17
