     8.976505612E-07
     3.642722090E-06
     8.312063788E-06
     1.498060463E-05
     2.372117264E-05
     3.460431695E-05
     4.769813298E-05
     6.306809124E-05
     8.077687024E-05
     0.0001008841938
     0.0001234466731
     0.0001485176544
     0.0001761470721
     0.0002063813076
     0.0002392630552
     0.0002748311943
     0.0003131206689
     0.0003541623742
     0.0003979830510
     0.0004446051886
     0.0004940469350
     0.0005463220165
     0.0006014396653
     0.0006594045562
     0.0007202167529
     0.0007838716628
     0.0008503600013
     0.0009196677659
     0.0009917762201
      0.001066661886
      0.001144296547
      0.001224647260
      0.001307676381
      0.001393341590
      0.001481595940
      0.001572387901
      0.001665661427
      0.001761356021
      0.001859406814
      0.001959744654
      0.002062296205
      0.002166984044
      0.002273726785
      0.002382439192
      0.002493032312
      0.002605413610
      0.002719487116
      0.002835153573
      0.002952310593
      0.003070852826
      0.003190672124
      0.003311657717
      0.003433696397
      0.003556672696
      0.003680469079
      0.003804966134
      0.003930042770
      0.004055576415
      0.004181443217
      0.004307518247
      0.004433675705
      0.004559789123
      0.004685731579
      0.004811375895
      0.004936594849
      0.005061261384
      0.005185248804
      0.005308430989
      0.005430682589
      0.005551879225
      0.005671897689
      0.005790616134
      0.005907914265
      0.006023673528
      0.006137777290
      0.006250111013
      0.006360562435
      0.006469021728
      0.006575381668
      0.006679537782
      0.006781388506
      0.006880835325
      0.006977782909
      0.007072139242
      0.007163815748
      0.007252727405
      0.007338792853
      0.007421934495
      0.007502078590
      0.007579155337
      0.007653098955
      0.007723847750
      0.007791344179
      0.007855534899
      0.007916370818
      0.007973807128
      0.008027803336
      0.008078323287
      0.008125335172
      0.008168811543
      0.008208729300
      0.008245069690
      0.008277818286
      0.008306964963
      0.008332503864
      0.008354433367
      0.008372756033
      0.008387478558
      0.008398611712
      0.008406170273
      0.008410172960
      0.008410642353
      0.008407604811
      0.008401090383
      0.008391132721
      0.008377768976
      0.008361039698
      0.008340988733
      0.008317663109
      0.008291112924
      0.008261391232
      0.008228553916
      0.008192659572
      0.008153769380
      0.008111946979
      0.008067258336
      0.008019771613
      0.007969557042
      0.007916686785
      0.007861234800
      0.007803276712
      0.007742889675
      0.007680152236
      0.007615144202
      0.007547946511
      0.007478641089
      0.007407310730
      0.007334038955
      0.007258909891
      0.007182008140
      0.007103418653
      0.007023226609
      0.006941517295
      0.006858375984
      0.006773887823
      0.006688137717
      0.006601210221
      0.006513189435
      0.006424158896
      0.006334201483
      0.006243399314
      0.006151833661
      0.006059584851
      0.005966732189
      0.005873353871
      0.005779526907
      0.005685327045
      0.005590828706
      0.005496104911
      0.005401227222
      0.005306265685
      0.005211288772
      0.005116363331
      0.005021554544
      0.004926925878
      0.004832539050
      0.004738453994
      0.004644728823
      0.004551419809
      0.004458581357
      0.004366265983
      0.004274524301
      0.004183405007
      0.004092954872
      0.004003218735
      0.003914239500
      0.003826058134
      0.003738713677
      0.003652243240
      0.003566682019
      0.003482063305
      0.003398418502
      0.003315777136
      0.003234166882
      0.003153613584
      0.003074141276
      0.002995772208
      0.002918526878
      0.002842424057
      0.002767480822
      0.002693712589
      0.002621133148
      0.002549754697
      0.002479587880
      0.002410641825
      0.002342924183
      0.002276441167
      0.002211197597
      0.002147196936
      0.002084441335
      0.002022931677
      0.001962667616
      0.001903647625
      0.001845869038
      0.001789328092
      0.001734019975
      0.001679938864
      0.001627077975
      0.001575429602
      0.001524985163
      0.001475735244
      0.001427669636
      0.001380777385
      0.001335046827
      0.001290465635
      0.001247020855
      0.001204698948
      0.001163485829
      0.001123366908
      0.001084327121
      0.001046350975
      0.001009422578
     0.0009735256792
     0.0009386436986
     0.0009047597636
     0.0008718567404
     0.0008399172655
     0.0008089237767
     0.0007788585421
     0.0007497036890
     0.0007214412313
     0.0006940530963
     0.0006675211501
     0.0006418272219
     0.0006169531279
     0.0005928806937
     0.0005695917757
     0.0005470682817
     0.0005252921905
     0.0005042455705
     0.0004839105969
     0.0004642695690
     0.0004453049254
     0.0004269992590
     0.0004093353309
     0.0003922960833
     0.0003758646519
     0.0003600243768
     0.0003447588133
     0.0003300517414
     0.0003158871749
     0.0003022493690
     0.0002891228284
     0.0002764923135
     0.0002643428463
     0.0002526597159
     0.0002414284835
     0.0002306349854
     0.0002202653378
     0.0002103059384
     0.0002007434696
     0.0001915648998
     0.0001827574849
     0.0001743087689
     0.0001662065847
     0.0001584390533
     0.0001509945839
     0.0001438618727
     0.0001370299017
     0.0001304879373
     0.0001242255278
     0.0001182325018
     0.0001124989654
     0.0001070152992
     0.0001017721557
     9.676045548E-05
     9.197138426E-05
     8.739638887E-05
     8.302717347E-05
     7.885569558E-05
     7.487416184E-05
     7.107502381E-05
     6.745097346E-05
     6.399493868E-05
     6.070007873E-05
     5.755977947E-05
     5.456764868E-05
     5.171751123E-05
     4.900340422E-05
     4.641957216E-05
     4.396046203E-05
     4.162071838E-05
     3.939517844E-05
     3.727886719E-05
     3.526699248E-05
     3.335494018E-05
     3.153826928E-05
     2.981270717E-05
     2.817414478E-05
     2.661863193E-05
     2.514237261E-05
     2.374172038E-05
     2.241317386E-05
     2.115337214E-05
     1.995909047E-05
     1.882723582E-05
     1.775484267E-05
     1.673906875E-05
     1.577719098E-05
     1.486660137E-05
     1.400480313E-05
     1.318940674E-05
     1.241812618E-05
     1.168877527E-05
     1.099926401E-05
     1.034759507E-05
     9.731860378E-06
     9.150237743E-06
     8.600987619E-06
     8.082449927E-06
     7.593040980E-06
     7.131250486E-06
     6.695638642E-06
     6.284833315E-06
     5.897527311E-06
     5.532475718E-06
     5.188493350E-06
     4.864452247E-06
     4.559279290E-06
     4.271953861E-06
     4.001505609E-06
     3.747012272E-06
     3.507597592E-06
     3.282429291E-06
     3.070717120E-06
     2.871710992E-06
     2.684699166E-06
     2.509006510E-06
     2.343992822E-06
     2.189051226E-06
     2.043606622E-06
     1.907114195E-06
     1.779057987E-06
     1.658949526E-06
     1.546326515E-06
     1.440751566E-06
     1.341810986E-06
     1.249113627E-06
     1.162289770E-06
     1.080990068E-06
     1.004884526E-06
     9.336615289E-07
     8.670269131E-07
     8.047030808E-07
     7.464281505E-07
     6.919551473E-07
     6.410512319E-07
     5.934969636E-07
     5.490855977E-07
     5.076224188E-07
     4.689241009E-07
     4.328181019E-07
     3.991420868E-07
     3.677433796E-07
     3.384784401E-07
     3.112123683E-07
     2.858184342E-07
     2.621776313E-07
     2.401782528E-07
     2.197154886E-07
     2.006910455E-07
     1.830127873E-07
     1.665943939E-07
     1.513550371E-07
     1.372190778E-07
     1.241157776E-07
     1.119790284E-07
     1.007470963E-07
     9.036238131E-08
     8.077119155E-08
     7.192353158E-08
     6.377290316E-08
     5.627611977E-08
     4.939313322E-08
     4.308687242E-08
     3.732309302E-08
     3.207023914E-08
     2.729931561E-08
     2.298377081E-08
     1.909938935E-08
     1.562419594E-08
     1.253836812E-08
     9.824159813E-09
     7.465833418E-09
     5.449602604E-09
     3.763584216E-09
     2.397760075E-09
     1.343948381E-09
     5.957853694E-10
     1.487167830E-10
