     6.463732387E-06
     2.619713024E-05
     5.965196976E-05
     0.0001071943950
     0.0001691008998
     0.0002455549161
     0.0003366440410
     0.0004423579263
     0.0005625868558
     0.0006971210223
     0.0008456505192
      0.001007766049
      0.001182960352
      0.001370630346
      0.001570079969
      0.001780523708
      0.002001090791
      0.002230830019
      0.002468715200
      0.002713651152
      0.002964480243
      0.003219989401
      0.003478917571
      0.003739963550
      0.004001794149
      0.004263052626
      0.004522367335
      0.004778360519
      0.005029657191
      0.005274894043
      0.005512728316
      0.005741846563
      0.005960973260
      0.006168879178
      0.006364389488
      0.006546391514
      0.006713842100
      0.006865774530
      0.007001304952
      0.007119638274
      0.007220073478
      0.007302008320
      0.007364943398
      0.007408485540
      0.007432350511
      0.007436365012
      0.007420467956
      0.007384711037
      0.007329258557
      0.007254386554
      0.007160481208
      0.007048036559
      0.006917651553
      0.006770026434
      0.006605958517
      0.006426337369
      0.006232139444
      0.006024422200
      0.005804317744
      0.005573026061
      0.005331807865
      0.005081977117
      0.004824893281
      0.004561953354
      0.004294583732
      0.004024231960
      0.003752358435
      0.003480428094
      0.003209902160
      0.002942229992
      0.002678841081
      0.002421137258
      0.002170485138
      0.001928208876
      0.001695583238
      0.001473827058
      0.001264097105
      0.001067482378
     0.0008849988899
     0.0007175849266
     0.0005660968354
     0.0004313053390
     0.0003138923985
     0.0002144486304
     0.0001334712860
     7.136279286E-05
     2.842985779E-05
     4.883125390E-06
     8.373827137E-07
     1.631229814E-05
     5.123367857E-05
     0.0001054352263
     0.0001786607746
     0.0002705669769
     0.0003807264250
     0.0005086311663
     0.0006536965905
     0.0008152656540
     0.0009926134087
      0.001184951801
      0.001391434705
      0.001611163160
      0.001843190762
      0.002086529197
      0.002340153851
      0.002603009496
      0.002874015980
      0.003152073918
      0.003436070341
      0.003724884260
      0.004017392139
      0.004312473226
      0.004609014731
      0.004905916819
      0.005202097396
      0.005496496670
      0.005788081466
      0.006075849284
      0.006358832071
      0.006636099718
      0.006906763249
      0.007169977711
      0.007424944747
      0.007670914866
      0.007907189381
      0.008133122045
      0.008348120366
      0.008551646618
      0.008743218546
      0.008922409774
      0.009088849930
      0.009242224492
      0.009382274368
      0.009508795222
      0.009621636570
      0.009720700636
      0.009805941012
      0.009877361114
      0.009935012468
      0.009978992828
       0.01000944415
       0.01002655045
       0.01003053553
       0.01002166060
       0.01000022190
      0.009966548139
      0.009920997982
      0.009863957465
      0.009795837407
      0.009717070810
      0.009628110276
      0.009529425451
      0.009421500499
      0.009304831622
      0.009179924648
      0.009047292670
      0.008907453779
      0.008760928861
      0.008608239502
      0.008449905979
      0.008286445352
      0.008118369670
      0.007946184280
      0.007770386249
      0.007591462904
      0.007409890481
      0.007226132897
      0.007040640632
      0.006853849732
      0.006666180921
      0.006478038826
      0.006289811312
      0.006101868926
      0.005914564441
      0.005728232497
      0.005543189349
      0.005359732694
      0.005178141591
      0.004998676463
      0.004821579179
      0.004647073202
      0.004475363811
      0.004306638379
      0.004141066720
      0.003978801472
      0.003819978541
      0.003664717580
      0.003513122510
      0.003365282066
      0.003221270380
      0.003081147584
      0.002944960429
      0.002812742921
      0.002684516975
      0.002560293063
      0.002440070877
      0.002323839991
      0.002211580512
      0.002103263741
      0.001998852809
      0.001898303319
      0.001801563960
      0.001708577120
      0.001619279475
      0.001533602563
      0.001451473337
      0.001372814700
      0.001297546018
      0.001225583613
      0.001156841225
      0.001091230467
      0.001028661238
     0.0009690421265
     0.0009122807862
     0.0008582842841
     0.0008069594313
     0.0007582130879
     0.0007119524455
     0.0006680852881
     0.0006265202313
     0.0005871669403
     0.0005499363280
     0.0005147407331
     0.0004814940798
     0.0004501120191
     0.0004205120531
     0.0003926136428
     0.0003663383002
     0.0003416096661
     0.0003183535736
     0.0002964980989
     0.0002759735995
     0.0002567127415
     0.0002386505166
     0.0002217242483
     0.0002058735905
     0.0001910405170
     0.0001771693036
     0.0001642065042
     0.0001521009197
     0.0001408035624
     0.0001302676151
     0.0001204483861
     0.0001113032605
     0.0001027916482
     9.487492984E-05
     8.751639941E-05
     8.068120627E-05
     7.433629499E-05
     6.845034457E-05
     6.299370679E-05
     5.793834433E-05
     5.325776876E-05
     4.892697870E-05
     4.492239848E-05
     4.122181734E-05
     3.780432952E-05
     3.465027531E-05
     3.174118324E-05
     2.905971353E-05
     2.658960293E-05
     2.431561102E-05
     2.222346801E-05
     2.029982419E-05
     1.853220108E-05
     1.690894413E-05
     1.541917727E-05
     1.405275914E-05
     1.280024104E-05
     1.165282664E-05
     1.060233342E-05
     9.641155788E-06
     8.762229893E-06
     7.959000098E-06
     7.225387080E-06
     6.555757483E-06
     5.944895153E-06
     5.387973852E-06
     4.880531429E-06
     4.418445397E-06
     3.997909873E-06
     3.615413818E-06
     3.267720546E-06
     2.951848433E-06
     2.665052777E-06
     2.404808769E-06
     2.168795518E-06
     1.954881085E-06
     1.761108464E-06
     1.585682477E-06
     1.426957533E-06
     1.283426200E-06
     1.153708548E-06
     1.036542232E-06
     9.307732479E-07
     8.353473476E-07
     7.493020648E-07
     6.717593089E-07
     6.019185010E-07
     5.390502180E-07
     4.824903027E-07
     4.316344230E-07
     3.859330432E-07
     3.448867800E-07
     3.080421189E-07
     2.749874696E-07
     2.453495285E-07
     2.187899351E-07
     1.950021978E-07
     1.737088671E-07
     1.546589445E-07
     1.376255040E-07
     1.224035124E-07
     1.088078326E-07
     9.667139880E-08
     8.584354577E-08
     7.618848314E-08
     6.758390335E-08
     5.991971016E-08
     5.309686069E-08
     4.702631051E-08
     4.162805325E-08
     3.683024693E-08
     3.256842023E-08
     2.878475116E-08
     2.542741253E-08
     2.244997885E-08
     1.981088847E-08
     1.747295568E-08
     1.540293012E-08
     1.357109838E-08
     1.195092330E-08
     1.051871856E-08
     9.253354886E-09
     8.135995037E-09
     7.149855345E-09
     6.279990581E-09
     5.513100183E-09
     4.837354285E-09
     4.242237396E-09
     3.718407584E-09
     3.257570458E-09
     2.852365963E-09
     2.496266841E-09
     2.183487801E-09
     1.908904132E-09
     1.667978896E-09
     1.456697762E-09
     1.271510876E-09
     1.109280938E-09
     9.672368509E-10
     8.429323088E-10
     7.342089835E-10
     6.391636868E-10
     5.561192109E-10
     4.835983252E-10
     4.203006065E-10
     3.650819320E-10
     3.169363280E-10
     2.749797407E-10
     2.384356883E-10
     2.066225779E-10
     1.789424121E-10
     1.548708481E-10
     1.339483932E-10
     1.157725866E-10
     9.999111951E-11
     8.629577074E-11
     7.441702864E-11
     6.411936059E-11
     5.519705570E-11
     4.747053524E-11
     4.078312435E-11
     3.499820846E-11
     2.999673116E-11
     2.567499537E-11
     2.194273230E-11
     1.872141942E-11
     1.594277878E-11
     1.354748267E-11
     1.148401348E-11
     9.707663784E-12
     8.179662360E-12
     6.866417573E-12
     5.738841355E-12
     4.771773668E-12
     3.943482069E-12
     3.235209921E-12
     2.630798479E-12
     2.116357857E-12
     1.679975093E-12
     1.311465393E-12
     1.002165068E-12
     7.447452982E-13
     5.330595759E-13
     3.620148496E-13
     2.274624451E-13
     1.261133184E-13
     5.547088800E-14
     1.378096883E-14
