     8.951805764E-06
     3.624960983E-05
     8.242255741E-05
     0.0001478138568
     0.0002325740026
     0.0003366559801
     0.0004598125220
     0.0006015954667
     0.0007613572463
     0.0009382545067
      0.001131253840
      0.001339139587
      0.001560523646
      0.001793857192
      0.002037444205
      0.002289456680
      0.002547951349
      0.002810887785
      0.003076147664
      0.003341555027
      0.003604897307
      0.003863946927
      0.004116483225
      0.004360314493
      0.004593299896
      0.004813371040
      0.005018552962
      0.005206984328
      0.005376936616
      0.005526832089
      0.005655260364
      0.005760993407
      0.005842998782
      0.005900451030
      0.005932741041
      0.005939483326
      0.005920521112
      0.005875929195
      0.005806014533
      0.005711314554
      0.005592593203
      0.005450834767
      0.005287235535
      0.005103193375
      0.004900295345
      0.004680303440
      0.004445138645
      0.004196863433
      0.003937662897
      0.003669824699
      0.003395718038
      0.003117771848
      0.002838452445
      0.002560240832
      0.002285609907
      0.002017001770
      0.001756805383
      0.001507334760
      0.001270807940
      0.001049326902
     0.0008448586426
     0.0006592175746
     0.0004940494188
     0.0003508167286
     0.0002307861798
     0.0001350177341
     6.435576835E-05
     1.942223855E-05
     6.119300470E-07
     8.089821780E-06
     4.179057332E-05
     0.0001014201217
     0.0001864593550
     0.0002961698099
     0.0004296013206
     0.0005856015305
     0.0007628271581
     0.0009597568964
      0.001174705807
      0.001405841064
      0.001651198879
      0.001908702452
      0.002176180757
      0.002451387988
      0.002732023479
      0.003015751913
      0.003300223623
      0.003583094815
      0.003862047514
      0.004134809076
      0.004399171075
      0.004653007429
      0.004894291590
      0.005121112680
      0.005331690425
      0.005524388798
      0.005697728241
      0.005850396412
      0.005981257361
      0.006089359099
      0.006173939510
      0.006234430586
      0.006270460988
      0.006281856921
      0.006268641362
      0.006231031678
      0.006169435672
      0.006084446136
      0.005976833974
      0.005847539993
      0.005697665451
      0.005528461465
      0.005341317401
      0.005137748354
      0.004919381854
      0.004687943909
      0.004445244533
      0.004193162881
      0.003933632114
      0.003668624148
      0.003400134385
      0.003130166579
      0.002860717930
      0.002593764546
      0.002331247356
      0.002075058604
      0.001827028985
      0.001588915537
      0.001362390353
      0.001149030173
     0.0009503069327
     0.0007675793008
     0.0006020852510
     0.0004549356977
     0.0003271092124
     0.0002194478315
     0.0001326539566
     6.728833827E-05
     2.376912648E-05
     2.371962738E-06
     3.231081610E-06
     2.634138176E-05
     7.156142067E-05
     0.0001386172813
     0.0002271072539
     0.0003365072711
     0.0004661770327
     0.0006153667498
     0.0007832244395
     0.0009688036985
      0.001171071879
      0.001388918600
      0.001621164509
      0.001866570240
      0.002123845475
      0.002391658058
      0.002668643086
      0.002953411912
      0.003244561009
      0.003540680621
      0.003840363174
      0.004142211364
      0.004444845913
      0.004746912925
      0.005047090824
      0.005344096835
      0.005636692985
      0.005923691601
      0.006203960294
      0.006476426405
      0.006740080925
      0.006993981864
      0.007237257083
      0.007469106593
      0.007688804328
      0.007895699397
      0.008089216844
      0.008268857920
      0.008434199894
      0.008584895430
      0.008720671543
      0.008841328169
      0.008946736377
      0.009036836249
      0.009111634453
      0.009171201552
      0.009215669068
      0.009245226335
      0.009260117175
      0.009260636423
      0.009247126328
      0.009219972869
      0.009179602003
      0.009126475875
      0.009061089016
      0.008983964559
      0.008895650478
      0.008796715896
      0.008687747457
      0.008569345799
      0.008442122128
      0.008306694925
      0.008163686781
      0.008013721384
      0.007857420664
      0.007695402097
      0.007528276186
      0.007356644117
      0.007181095590
      0.007002206837
      0.006820538818
      0.006636635600
      0.006451022914
      0.006264206893
      0.006076672977
      0.005888884993
      0.005701284393
      0.005514289653
      0.005328295822
      0.005143674213
      0.004960772230
      0.004779913328
      0.004601397082
      0.004425499382
      0.004252472719
      0.004082546571
      0.003915927873
      0.003752801571
      0.003593331233
      0.003437659731
      0.003285909975
      0.003138185690
      0.002994572227
      0.002855137418
      0.002719932438
      0.002588992700
      0.002462338752
      0.002339977184
      0.002221901535
      0.002108093194
      0.001998522298
      0.001893148607
      0.001791922378
      0.001694785200
      0.001601670825
      0.001512505960
      0.001427211041
      0.001345700970
      0.001267885827
      0.001193671546
      0.001122960562
      0.001055652416
     0.0009916443393
     0.0009308317890
     0.0008731089585
     0.0008183692493
     0.0007665057114
     0.0007174114485
     0.0006709799921
     0.0006271056424
     0.0005856837797
     0.0005466111449
     0.0005097860918
     0.0004751088115
     0.0004424815311
     0.0004118086862
     0.0003829970712
     0.0003559559654
     0.0003305972396
     0.0003068354415
     0.0002845878638
     0.0002637745941
     0.0002443185497
     0.0002261454973
     0.0002091840593
     0.0001933657078
     0.0001786247478
     0.0001648982901
     0.0001521262152
     0.0001402511289
     0.0001292183118
     0.0001189756615
     0.0001094736306
     0.0001006651590
     9.250560362E-05
     8.495266414E-05
     7.796630669E-05
     7.150868569E-05
     6.554406424E-05
     6.003873381E-05
     5.496093350E-05
     5.028076941E-05
     4.597013431E-05
     4.200262820E-05
     3.835347982E-05
     3.499946950E-05
     3.191885343E-05
     2.909128984E-05
     2.649776683E-05
     2.412053241E-05
     2.194302655E-05
     1.994981551E-05
     1.812652847E-05
     1.645979643E-05
     1.493719361E-05
     1.354718114E-05
     1.227905317E-05
     1.112288543E-05
     1.006948609E-05
     9.110348977E-06
     8.237609110E-06
     7.444000468E-06
     6.722815971E-06
     6.067869583E-06
     5.473460518E-06
     4.934339431E-06
     4.445676570E-06
     4.003031790E-06
     3.602326366E-06
     3.239816514E-06
     2.912068587E-06
     2.615935820E-06
     2.348536593E-06
     2.107234106E-06
     1.889617421E-06
     1.693483779E-06
     1.516822144E-06
     1.357797879E-06
     1.214738524E-06
     1.086120582E-06
     9.705572719E-07
     8.667871788E-07
     7.736637563E-07
     6.901456168E-07
     6.152875690E-07
     5.482323427E-07
     4.882029654E-07
     4.344957368E-07
     3.864737688E-07
     3.435610472E-07
     3.052369745E-07
     2.710313675E-07
     2.405198669E-07
     2.133197350E-07
     1.890860109E-07
     1.675079928E-07
     1.483060262E-07
     1.312285721E-07
     1.160495331E-07
     1.025658150E-07
     9.059511005E-08
     7.997387676E-08
     7.055550729E-08
     6.220865986E-08
     5.481574698E-08
     4.827156388E-08
     4.248204619E-08
     3.736314555E-08
     3.283981085E-08
     2.884506970E-08
     2.531919655E-08
     2.220896309E-08
     1.946696183E-08
     1.705099640E-08
     1.492353312E-08
     1.305120675E-08
     1.140437686E-08
     9.956727980E-09
     8.684912185E-09
     7.568226880E-09
     6.588327135E-09
     5.728967526E-09
     4.975770817E-09
     4.316021429E-09
     3.738480405E-09
     3.233220757E-09
     2.791479698E-09
     2.405527546E-09
     2.068550542E-09
     1.774546503E-09
     1.518232201E-09
     1.294960682E-09
     1.100648176E-09
     9.317090995E-10
     7.849984946E-10
     6.577608548E-10
     5.475851910E-10
     4.523651936E-10
     3.702641606E-10
     2.996842557E-10
     2.392394243E-10
     1.877319346E-10
     1.441318553E-10
     1.075593957E-10
     7.726979219E-11
     5.264053449E-11
     3.316078263E-11
     1.842273134E-11
     8.115005499E-12
     2.017818120E-12
