     1.416738465E-05
     5.653007972E-05
     0.0001266711068
     0.0002239001484
     0.0003472604665
     0.0004955384893
     0.0006672759655
     0.0008607845617
      0.001074162751
      0.001305314823
      0.001551971808
      0.001811714120
      0.002081995664
      0.002360169176
      0.002643512530
      0.002929255744
      0.003214608413
      0.003496787284
      0.003773043704
      0.004040690648
      0.004297129077
      0.004539873340
      0.004766575386
      0.004975047529
      0.005163283562
      0.005329477995
      0.005472043242
      0.005589624590
      0.005681112821
      0.005745654345
      0.005782658784
      0.005791803929
      0.005773038035
      0.005726579447
      0.005652913578
      0.005552787286
      0.005427200709
      0.005277396675
      0.005104847790
      0.004911241357
      0.004698462283
      0.004468574168
      0.004223798761
      0.003966494011
      0.003699130926
      0.003424269494
      0.003144533888
      0.002862587226
      0.002581106120
      0.002302755269
      0.002030162346
      0.001765893424
      0.001512429158
      0.001272141971
      0.001047274437
     0.0008399190607
     0.0006519996478
     0.0004852544119
     0.0003412209742
     0.0002212233753
     0.0001263612021
     5.750091222E-05
     1.526941189E-05
     4.992468401E-08
     1.198016282E-05
     5.095279176E-05
     0.0001166181560
     0.0002083892133
     0.0003254486025
     0.0004667577535
     0.0006310679261
     0.0008169330509
      0.001022724228
      0.001246645725
      0.001486752312
      0.001740967743
      0.002007104211
      0.002282882569
      0.002565953136
      0.002853916877
      0.003144346762
      0.003434809106
      0.003722884706
      0.004006189566
      0.004282395054
      0.004549247303
      0.004804585699
      0.005046360305
      0.005272648090
      0.005481667829
      0.005671793574
      0.005841566599
      0.005989705738
      0.006115116067
      0.006216895864
      0.006294341841
      0.006346952623
      0.006374430477
      0.006376681317
      0.006353813014
      0.006306132068
      0.006234138689
      0.006138520376
      0.006020144078
      0.005880047026
      0.005719426350
      0.005539627587
      0.005342132220
      0.005128544338
      0.004900576594
      0.004660035548
      0.004408806570
      0.004148838408
      0.003882127574
      0.003610702670
      0.003336608790
      0.003061892118
      0.002788584842
      0.002518690501
      0.002254169868
      0.001996927465
      0.001748798813
      0.001511538480
      0.001286809016
      0.001076170830
     0.0008810730581
     0.0007028454822
     0.0005426915095
     0.0004016822564
     0.0002807517386
     0.0001806931772
     0.0001021564121
     4.564641170E-05
     1.152285553E-05
     7.589813485E-10
     1.115210414E-05
     4.490843158E-05
     0.0001010643433
     0.0001792818606
     0.0002790955775
     0.0003999185440
     0.0005410488115
     0.0007016765712
     0.0008808918110
      0.001077692418
      0.001290992653
      0.001519631921
      0.001762383767
      0.002017965014
      0.002285044997
      0.002562254790
      0.002848196387
      0.003141451769
      0.003440591788
      0.003744184819
      0.004050805133
      0.004359040934
      0.004667502029
      0.004974827082
      0.005279690428
      0.005580808410
      0.005876945222
      0.006166918243
      0.006449602827
      0.006723936571
      0.006988923027
      0.007243634870
      0.007487216529
      0.007718886272
      0.007937937776
      0.008143741174
      0.008335743614
      0.008513469333
      0.008676519284
      0.008824570322
      0.008957373994
      0.009074754938
      0.009176608946
      0.009262900690
      0.009333661167
      0.009388984884
      0.009429026807
      0.009453999114
      0.009464167781
      0.009459849026
      0.009441405647
      0.009409243274
      0.009363806575
      0.009305575423
      0.009235061072
      0.009152802347
      0.009059361878
      0.008955322400
      0.008841283131
      0.008717856254
      0.008585663509
      0.008445332919
      0.008297495656
      0.008142783054
      0.007981823788
      0.007815241219
      0.007643650911
      0.007467658329
      0.007287856718
      0.007104825156
      0.006919126802
      0.006731307319
      0.006541893472
      0.006351391914
      0.006160288135
      0.005969045580
      0.005778104936
      0.005587883563
      0.005398775088
      0.005211149126
      0.005025351150
      0.004841702475
      0.004660500368
      0.004482018261
      0.004306506072
      0.004134190614
      0.003965276087
      0.003799944651
      0.003638357059
      0.003480653358
      0.003326953631
      0.003177358795
      0.003031951420
      0.002890796596
      0.002753942802
      0.002621422813
      0.002493254596
      0.002369442230
      0.002249976810
      0.002134837358
      0.002023991717
      0.001917397433
      0.001815002622
      0.001716746815
      0.001622561778
      0.001532372315
      0.001446097027
      0.001363649058
      0.001284936801
      0.001209864571
      0.001138333250
      0.001070240893
      0.001005483304
     0.0009439545736
     0.0008855475826
     0.0008301544753
     0.0007776670948
     0.0007279773865
     0.0006809777691
     0.0006365614741
     0.0005946228537
     0.0005550576601
     0.0005177632953
     0.0004826390337
     0.0004495862186
     0.0004185084339
     0.0003893116516
     0.0003619043574
     0.0003361976553
     0.0003121053523
     0.0002895440250
     0.0002684330686
     0.0002486947307
     0.0002302541299
     0.0002130392619
     0.0001969809923
     0.0001820130393
     0.0001680719457
     0.0001550970427
     0.0001430304050
     0.0001318167996
     0.0001214036277
     0.0001117408620
     0.0001027809795
     9.447888969E-05
     8.679186091E-05
     7.967944330E-05
     7.310339044E-05
     6.702757942E-05
     6.141793027E-05
     5.624232486E-05
     5.147052605E-05
     4.707409711E-05
     4.302632187E-05
     3.930212602E-05
     3.587799964E-05
     3.273192119E-05
     2.984328333E-05
     2.719282054E-05
     2.476253873E-05
     2.253564705E-05
     2.049649188E-05
     1.863049310E-05
     1.692408276E-05
     1.536464604E-05
     1.394046466E-05
     1.264066271E-05
     1.145515478E-05
     1.037459655E-05
     9.390337726E-06
     8.494377146E-06
     7.679320305E-06
     6.938338986E-06
     6.265133059E-06
     5.653894385E-06
     5.099272694E-06
     4.596343449E-06
     4.140577564E-06
     3.727812927E-06
     3.354227671E-06
     3.016315077E-06
     2.710860074E-06
     2.434917242E-06
     2.185790253E-06
     1.961012670E-06
     1.758330043E-06
     1.575683228E-06
     1.411192865E-06
     1.263144944E-06
     1.129977405E-06
     1.010267712E-06
     9.027213227E-07
     8.061610262E-07
     7.195170758E-07
     6.418180738E-07
     5.721825536E-07
     5.098112220E-07
     4.539798079E-07
     4.040324797E-07
     3.593757908E-07
     3.194731183E-07
     2.838395579E-07
     2.520372382E-07
     2.236710301E-07
     1.983846178E-07
     1.758569038E-07
     1.557987240E-07
     1.379498450E-07
     1.220762284E-07
     1.079675339E-07
     9.543484372E-08
     8.430859529E-08
     7.443669821E-08
     6.568282232E-08
     5.792484520E-08
     5.105344366E-08
     4.497081425E-08
     3.958951786E-08
     3.483143067E-08
     3.062679680E-08
     2.691337201E-08
     2.363565050E-08
     2.074416718E-08
     1.819486785E-08
     1.594854223E-08
     1.397031344E-08
     1.222917867E-08
     1.069759591E-08
     9.351113646E-09
     8.168036969E-09
     7.129129118E-09
     6.217343301E-09
     5.417583032E-09
     4.716487416E-09
     4.102238779E-09
     3.564390883E-09
     3.093715580E-09
     2.682065814E-09
     2.322253510E-09
     2.007940690E-09
     1.733542512E-09
     1.494140865E-09
     1.285407689E-09
     1.103536715E-09
     9.451828833E-10
     8.074086372E-10
     6.876360747E-10
     5.836048771E-10
     4.933348770E-10
     4.150930905E-10
     3.473644962E-10
     2.888263402E-10
     2.383254544E-10
     1.948583199E-10
     1.575536647E-10
     1.256572137E-10
     9.851833204E-11
     7.557853794E-11
     5.636158988E-11
     4.046493591E-11
     2.755260038E-11
     1.734922424E-11
     9.635252348E-12
     4.243194620E-12
     1.054927896E-12
