     2.672603738E-06
     1.068682538E-05
     2.403190224E-05
     4.268991657E-05
     6.663582566E-05
     9.583750382E-05
     0.0001302557962
     0.0001698445845
     0.0002145508641
     0.0002643148325
     0.0003190699897
     0.0003787432486
     0.0004432550573
     0.0005125195308
     0.0005864445943
     0.0006649321354
     0.0007478781663
     0.0008351729961
     0.0009267014107
      0.001022342862
      0.001121971667
      0.001225457212
      0.001332664162
      0.001443452689
      0.001557678690
      0.001675194023
      0.001795846745
      0.001919481356
      0.002045939042
      0.002175057936
      0.002306673364
      0.002440618110
      0.002576722678
      0.002714815551
      0.002854723460
      0.002996271651
      0.003139284150
      0.003283584031
      0.003428993686
      0.003575335087
      0.003722430051
      0.003870100510
      0.004018168760
      0.004166457730
      0.004314791230
      0.004462994206
      0.004610892984
      0.004758315514
      0.004905091608
      0.005051053169
      0.005196034424
      0.005339872138
      0.005482405829
      0.005623477980
      0.005762934234
      0.005900623587
      0.006036398579
      0.006170115464
      0.006301634382
      0.006430819522
      0.006557539271
      0.006681666360
      0.006803077996
      0.006921655990
      0.007037286873
      0.007149862003
      0.007259277662
      0.007365435145
      0.007468240842
      0.007567606302
      0.007663448299
      0.007755688881
      0.007844255408
      0.007929080590
      0.008010102507
      0.008087264623
      0.008160515792
      0.008229810252
      0.008295107614
      0.008356372841
      0.008413576219
      0.008466693314
      0.008515704935
      0.008560597072
      0.008601360839
      0.008637992406
      0.008670492922
      0.008698868433
      0.008723129793
      0.008743292570
      0.008759376943
      0.008771407598
      0.008779413613
      0.008783428346
      0.008783489305
      0.008779638030
      0.008771919959
      0.008760384293
      0.008745083861
      0.008726074976
      0.008703417295
      0.008677173671
      0.008647410005
      0.008614195096
      0.008577600489
      0.008537700322
      0.008494571174
      0.008448291908
      0.008398943517
      0.008346608970
      0.008291373056
      0.008233322231
      0.008172544463
      0.008109129082
      0.008043166626
      0.007974748694
      0.007903967796
      0.007830917209
      0.007755690833
      0.007678383048
      0.007599088578
      0.007517902353
      0.007434919378
      0.007350234600
      0.007263942787
      0.007176138400
      0.007086915475
      0.006996367509
      0.006904587346
      0.006811667068
      0.006717697894
      0.006622770080
      0.006526972820
      0.006430394154
      0.006333120887
      0.006235238498
      0.006136831066
      0.006037981194
      0.005938769940
      0.005839276750
      0.005739579397
      0.005639753922
      0.005539874588
      0.005440013822
      0.005340242179
      0.005240628297
      0.005141238862
      0.005042138579
      0.004943390139
      0.004845054202
      0.004747189370
      0.004649852176
      0.004553097067
      0.004456976399
      0.004361540431
      0.004266837320
      0.004172913126
      0.004079811811
      0.003987575255
      0.003896243257
      0.003805853557
      0.003716441844
      0.003628041782
      0.003540685023
      0.003454401241
      0.003369218147
      0.003285161523
      0.003202255252
      0.003120521346
      0.003039979984
      0.002960649544
      0.002882546640
      0.002805686162
      0.002730081312
      0.002655743650
      0.002582683128
      0.002510908140
      0.002440425561
      0.002371240793
      0.002303357807
      0.002236779192
      0.002171506199
      0.002107538785
      0.002044875665
      0.001983514352
      0.001923451205
      0.001864681481
      0.001807199372
      0.001750998061
      0.001696069761
      0.001642405762
      0.001589996478
      0.001538831493
      0.001488899599
      0.001440188848
      0.001392686589
      0.001346379514
      0.001301253695
      0.001257294633
      0.001214487290
      0.001172816132
      0.001132265170
      0.001092817992
      0.001054457804
      0.001017167464
     0.0009809295168
     0.0009457262280
     0.0009115396171
     0.0008783514885
     0.0008461434630
     0.0008148970068
     0.0007845934605
     0.0007552140666
     0.0007267399960
     0.0006991523738
     0.0006724323031
     0.0006465608891
     0.0006215192613
     0.0005972885945
     0.0005738501296
     0.0005511851927
     0.0005292752135
     0.0005081017429
     0.0004876464688
     0.0004678912323
     0.0004488180418
     0.0004304090869
     0.0004126467507
     0.0003955136224
     0.0003789925075
     0.0003630664388
     0.0003477186852
     0.0003329327605
     0.0003186924315
     0.0003049817246
     0.0002917849328
     0.0002790866210
     0.0002668716314
     0.0002551250873
     0.0002438323979
     0.0002329792603
     0.0002225516634
     0.0002125358888
     0.0002029185132
     0.0001936864093
     0.0001848267461
     0.0001763269895
     0.0001681749016
     0.0001603585404
     0.0001528662583
     0.0001456867011
     0.0001388088062
     0.0001322218001
     0.0001259151964
     0.0001198787929
     0.0001141026691
     0.0001085771824
     0.0001032929652
     9.824092088E-05
     9.341222049E-05
     8.879829837E-05
     8.439084822E-05
     8.018181878E-05
     7.616340945E-05
     7.232806576E-05
     6.866847477E-05
     6.517756040E-05
     6.184847861E-05
     5.867461259E-05
     5.564956789E-05
     5.276716749E-05
     5.002144683E-05
     4.740664887E-05
     4.491721906E-05
     4.254780039E-05
     4.029322840E-05
     3.814852623E-05
     3.610889966E-05
     3.416973218E-05
     3.232658017E-05
     3.057516800E-05
     2.891138327E-05
     2.733127206E-05
     2.583103425E-05
     2.440701890E-05
     2.305571968E-05
     2.177377039E-05
     2.055794052E-05
     1.940513094E-05
     1.831236960E-05
     1.727680736E-05
     1.629571386E-05
     1.536647354E-05
     1.448658164E-05
     1.365364040E-05
     1.286535526E-05
     1.211953121E-05
     1.141406917E-05
     1.074696249E-05
     1.011629356E-05
     9.520230486E-06
     8.957023807E-06
     8.425003400E-06
     7.922575396E-06
     7.448219219E-06
     7.000484681E-06
     6.577989210E-06
     6.179415111E-06
     5.803506947E-06
     5.449068986E-06
     5.114962735E-06
     4.800104553E-06
     4.503463345E-06
     4.224058329E-06
     3.960956883E-06
     3.713272462E-06
     3.480162594E-06
     3.260826946E-06
     3.054505450E-06
     2.860476511E-06
     2.678055274E-06
     2.506591965E-06
     2.345470275E-06
     2.194105832E-06
     2.051944705E-06
     1.918461993E-06
     1.793160455E-06
     1.675569197E-06
     1.565242408E-06
     1.461758163E-06
     1.364717258E-06
     1.273742108E-06
     1.188475679E-06
     1.108580476E-06
     1.033737569E-06
     9.636456666E-07
     8.980202194E-07
     8.365925761E-07
     7.791091716E-07
     7.253307463E-07
     6.750316160E-07
     6.279989566E-07
     5.840321347E-07
     5.429420666E-07
     5.045506043E-07
     4.686899561E-07
     4.352021297E-07
     4.039384036E-07
     3.747588264E-07
     3.475317374E-07
     3.221333149E-07
     2.984471415E-07
     2.763637949E-07
     2.557804598E-07
     2.366005556E-07
     2.187333892E-07
     2.020938198E-07
     1.866019432E-07
     1.721827955E-07
     1.587660659E-07
     1.462858322E-07
     1.346803052E-07
     1.238915879E-07
     1.138654501E-07
     1.045511122E-07
     9.590104268E-08
     8.787076637E-08
     8.041868389E-08
     7.350589988E-08
     6.709606223E-08
     6.115521019E-08
     5.565163168E-08
     5.055572826E-08
     4.583988840E-08
     4.147836808E-08
     3.744717908E-08
     3.372398378E-08
     3.028799628E-08
     2.711988986E-08
     2.420171048E-08
     2.151679649E-08
     1.904970220E-08
     1.678612832E-08
     1.471285566E-08
     1.281768496E-08
     1.108938076E-08
     9.517619028E-09
     8.092939371E-09
     6.806701568E-09
     5.651045622E-09
     4.618855756E-09
     3.703727956E-09
     2.899941275E-09
     2.202432281E-09
     1.606773719E-09
     1.109155913E-09
     7.063720196E-10
     3.958066896E-10
     1.754281730E-10
     4.378393213E-11
