     3.069913912E-07
     1.227889919E-06
     2.762468655E-06
     4.910349455E-06
     7.671003042E-06
     1.104374915E-05
     1.502775668E-05
     1.962204390E-05
     2.482547873E-05
     3.063677896E-05
     3.705451259E-05
     4.407709821E-05
     5.170280536E-05
     5.992975499E-05
     6.875591987E-05
     7.817912516E-05
     8.819704889E-05
     9.880722254E-05
     0.0001100070317
     0.0001217937166
     0.0001341643731
     0.0001471159528
     0.0001606452646
     0.0001747489748
     0.0001894236081
     0.0002046655489
     0.0002204710414
     0.0002368361914
     0.0002537569665
     0.0002712291977
     0.0002892485798
     0.0003078106732
     0.0003269109043
     0.0003465445673
     0.0003667068246
     0.0003873927088
     0.0004085971231
     0.0004303148434
     0.0004525405190
     0.0004752686741
     0.0004984937093
     0.0005222099025
     0.0005464114111
     0.0005710922726
     0.0005962464067
     0.0006218676164
     0.0006479495901
     0.0006744859023
     0.0007014700158
     0.0007288952833
     0.0007567549488
     0.0007850421493
     0.0008137499168
     0.0008428711795
     0.0008723987642
     0.0009023253972
     0.0009326437071
     0.0009633462260
     0.0009944253912
      0.001025873548
      0.001057682950
      0.001089845762
      0.001122354064
      0.001155199848
      0.001188375024
      0.001221871422
      0.001255680793
      0.001289794809
      0.001324205070
      0.001358903101
      0.001393880357
      0.001429128225
      0.001464638024
      0.001500401011
      0.001536408378
      0.001572651259
      0.001609120730
      0.001645807811
      0.001682703469
      0.001719798618
      0.001757084126
      0.001794550812
      0.001832189452
      0.001869990779
      0.001907945487
      0.001946044231
      0.001984277633
      0.002022636280
      0.002061110729
      0.002099691510
      0.002138369124
      0.002177134053
      0.002215976752
      0.002254887663
      0.002293857208
      0.002332875795
      0.002371933820
      0.002411021672
      0.002450129730
      0.002489248371
      0.002528367966
      0.002567478890
      0.002606571517
      0.002645636230
      0.002684663414
      0.002723643468
      0.002762566801
      0.002801423835
      0.002840205011
      0.002878900787
      0.002917501645
      0.002955998088
      0.002994380645
      0.003032639876
      0.003070766370
      0.003108750747
      0.003146583667
      0.003184255822
      0.003221757950
      0.003259080825
      0.003296215271
      0.003333152155
      0.003369882394
      0.003406396956
      0.003442686864
      0.003478743194
      0.003514557083
      0.003550119724
      0.003585422376
      0.003620456360
      0.003655213065
      0.003689683946
      0.003723860533
      0.003757734424
      0.003791297295
      0.003824540897
      0.003857457062
      0.003890037701
      0.003922274809
      0.003954160465
      0.003985686836
      0.004016846176
      0.004047630832
      0.004078033241
      0.004108045936
      0.004137661545
      0.004166872797
      0.004195672516
      0.004224053632
      0.004252009176
      0.004279532285
      0.004306616201
      0.004333254276
      0.004359439973
      0.004385166863
      0.004410428633
      0.004435219085
      0.004459532135
      0.004483361819
      0.004506702291
      0.004529547825
      0.004551892818
      0.004573731791
      0.004595059389
      0.004615870382
      0.004636159668
      0.004655922275
      0.004675153360
      0.004693848209
      0.004712002243
      0.004729611014
      0.004746670211
      0.004763175655
      0.004779123306
      0.004794509260
      0.004809329751
      0.004823581155
      0.004837259985
      0.004850362896
      0.004862886685
      0.004874828292
      0.004886184799
      0.004896953433
      0.004907131567
      0.004916716716
      0.004925706543
      0.004934098858
      0.004941891617
      0.004949082924
      0.004955671029
      0.004961654335
      0.004967031389
      0.004971800890
      0.004975961684
      0.004979512770
      0.004982453294
      0.004984782553
      0.004986499995
      0.004987605217
      0.004988097969
      0.004987978148
      0.004987245805
      0.004985901140
      0.004983944502
      0.004981376394
      0.004978197465
      0.004974408517
      0.004970010501
      0.004965004518
      0.004959391818
      0.004953173799
      0.004946352010
      0.004938928145
      0.004930904050
      0.004922281714
      0.004913063276
      0.004903251020
      0.004892847376
      0.004881854920
      0.004870276370
      0.004858114590
      0.004845372587
      0.004832053509
      0.004818160648
      0.004803697434
      0.004788667437
      0.004773074369
      0.004756922078
      0.004740214547
      0.004722955899
      0.004705150391
      0.004686802411
      0.004667916484
      0.004648497266
      0.004628549540
      0.004608078224
      0.004587088360
      0.004565585120
      0.004543573798
      0.004521059816
      0.004498048718
      0.004474546169
      0.004450557954
      0.004426089978
      0.004401148264
      0.004375738948
      0.004349868283
      0.004323542635
      0.004296768478
      0.004269552400
      0.004241901094
      0.004213821360
      0.004185320104
      0.004156404333
      0.004127081158
      0.004097357786
      0.004067241523
      0.004036739774
      0.004005860033
      0.003974609890
      0.003942997024
      0.003911029203
      0.003878714280
      0.003846060194
      0.003813074968
      0.003779766703
      0.003746143579
      0.003712213855
      0.003677985863
      0.003643468008
      0.003608668764
      0.003573596675
      0.003538260352
      0.003502668469
      0.003466829762
      0.003430753028
      0.003394447120
      0.003357920948
      0.003321183476
      0.003284243717
      0.003247110735
      0.003209793639
      0.003172301585
      0.003134643769
      0.003096829427
      0.003058867835
      0.003020768301
      0.002982540170
      0.002944192816
      0.002905735640
      0.002867178072
      0.002828529565
      0.002789799592
      0.002750997649
      0.002712133245
      0.002673215906
      0.002634255169
      0.002595260583
      0.002556241702
      0.002517208088
      0.002478169303
      0.002439134913
      0.002400114479
      0.002361117559
      0.002322153707
      0.002283232465
      0.002244363364
      0.002205555925
      0.002166819649
      0.002128164022
      0.002089598508
      0.002051132549
      0.002012775562
      0.001974536936
      0.001936426031
      0.001898452175
      0.001860624661
      0.001822952747
      0.001785445652
      0.001748112553
      0.001710962585
      0.001674004836
      0.001637248348
      0.001600702113
      0.001564375069
      0.001528276102
      0.001492414041
      0.001456797655
      0.001421435656
      0.001386336689
      0.001351509336
      0.001316962112
      0.001282703463
      0.001248741763
      0.001215085315
      0.001181742344
      0.001148720999
      0.001116029350
      0.001083675386
      0.001051667013
      0.001020012052
     0.0009887182352
     0.0009577932091
     0.0009272445277
     0.0008970796529
     0.0008673059523
     0.0008379306976
     0.0008089610625
     0.0007804041212
     0.0007522668468
     0.0007245561090
     0.0006972786733
     0.0006704411987
     0.0006440502364
     0.0006181122281
     0.0005926335046
     0.0005676202839
     0.0005430786702
     0.0005190146521
     0.0004954341010
     0.0004723427703
     0.0004497462933
     0.0004276501824
     0.0004060598274
     0.0003849804943
     0.0003644173242
     0.0003443753319
     0.0003248594047
     0.0003058743012
     0.0002874246504
     0.0002695149503
     0.0002521495668
     0.0002353327331
     0.0002190685480
     0.0002033609757
     0.0001882138440
     0.0001736308442
     0.0001596155298
     0.0001461713154
     0.0001333014767
     0.0001210091487
     0.0001092973259
     9.816886088E-05
     8.762646412E-05
     7.767270304E-05
     6.831000155E-05
     5.954063946E-05
     5.136675191E-05
     4.379032892E-05
     3.681321488E-05
     3.043710817E-05
     2.466356074E-05
     1.949397775E-05
     1.492961730E-05
     1.097159009E-05
     7.620859191E-06
     4.878239853E-06
     2.744399310E-06
     1.219856649E-06
     3.049827056E-07
