     7.558688253E-06
     3.021445162E-05
     6.790645406E-05
     0.0001205335290
     0.0001879545188
     0.0002699887476
     0.0003664166263
     0.0004769803867
     0.0006013849415
     0.0007392988675
     0.0008903555072
      0.001054154184
      0.001230261525
      0.001418212895
      0.001617513913
      0.001827642077
      0.002048048464
      0.002278159507
      0.002517378850
      0.002765089262
      0.003020654603
      0.003283421849
      0.003552723142
      0.003827877890
      0.004108194871
      0.004392974373
      0.004681510324
      0.004973092434
      0.005267008321
      0.005562545629
      0.005858994112
      0.006155647694
      0.006451806490
      0.006746778778
      0.007039882918
      0.007330449219
      0.007617821736
      0.007901359994
      0.008180440639
      0.008454459012
      0.008722830631
      0.008984992583
      0.009240404830
      0.009488551411
      0.009728941548
      0.009961110650
       0.01018462121
       0.01039906360
       0.01060405678
       0.01079924883
       0.01098431748
       0.01115897046
       0.01132294575
       0.01147601175
       0.01161796736
       0.01174864190
       0.01186789498
       0.01197561629
       0.01207172524
       0.01215617055
       0.01222892977
       0.01229000865
       0.01233944053
       0.01237728558
       0.01240362999
       0.01241858511
       0.01242228656
       0.01241489317
       0.01239658605
       0.01236756746
       0.01232805969
       0.01227830396
       0.01221855923
       0.01214910098
       0.01207022004
       0.01198222134
       0.01188542267
       0.01178015344
       0.01166675347
       0.01154557173
       0.01141696512
       0.01128129726
       0.01113893733
       0.01099025885
       0.01083563856
       0.01067545530
       0.01051008894
       0.01033991929
       0.01016532512
      0.009986683153
      0.009804367161
      0.009618747047
      0.009430188005
      0.009239049714
      0.009045685587
      0.008850442056
      0.008653657920
      0.008455663726
      0.008256781212
      0.008057322795
      0.007857591106
      0.007657878574
      0.007458467065
      0.007259627557
      0.007061619870
      0.006864692442
      0.006669082144
      0.006475014139
      0.006282701792
      0.006092346604
      0.005904138203
      0.005718254354
      0.005534861023
      0.005354112454
      0.005176151299
      0.005001108758
      0.004829104763
      0.004660248177
      0.004494637023
      0.004332358730
      0.004173490407
      0.004018099125
      0.003866242225
      0.003717967633
      0.003573314190
      0.003432311996
      0.003294982761
      0.003161340157
      0.003031390187
      0.002905131553
      0.002782556022
      0.002663648802
      0.002548388910
      0.002436749547
      0.002328698461
      0.002224198316
      0.002123207045
      0.002025678212
      0.001931561351
      0.001840802312
      0.001753343588
      0.001669124643
      0.001588082220
      0.001510150647
      0.001435262132
      0.001363347040
      0.001294334171
      0.001228151015
      0.001164724000
      0.001103978734
      0.001045840223
     0.0009902330872
     0.0009370817643
     0.0008863106946
     0.0008378445013
     0.0007916081562
     0.0007475271340
     0.0007055275565
     0.0006655363249
     0.0006274812418
     0.0005912911233
     0.0005568958997
     0.0005242267081
     0.0004932159741
     0.0004637974854
     0.0004359064560
     0.0004094795830
     0.0003844550941
     0.0003607727888
     0.0003383740716
     0.0003172019789
     0.0002972011988
     0.0002783180857
     0.0002605006685
     0.0002436986539
     0.0002278634249
     0.0002129480341
     0.0001989071935
     0.0001856972601
     0.0001732762177
     0.0001616036558
     0.0001506407456
     0.0001403502134
     0.0001306963109
     0.0001216447847
     0.0001131628427
     0.0001052191201
     9.778364314E-05
     9.082779197E-05
     8.432426297E-05
     7.824702992E-05
     7.257130481E-05
     6.727349823E-05
     6.233117957E-05
     5.772303716E-05
     5.342883849E-05
     4.942939056E-05
     4.570650061E-05
     4.224293719E-05
     3.902239176E-05
     3.602944092E-05
     3.324950917E-05
     3.066883254E-05
     2.827442289E-05
     2.605403312E-05
     2.399612318E-05
     2.208982701E-05
     2.032492050E-05
     1.869179028E-05
     1.718140357E-05
     1.578527904E-05
     1.449545859E-05
     1.330448020E-05
     1.220535178E-05
     1.119152597E-05
     1.025687602E-05
     9.395672535E-06
     8.602561322E-06
     7.872542078E-06
     7.200948076E-06
     6.583426757E-06
     6.015921211E-06
     5.494652538E-06
     5.016103054E-06
     4.577000330E-06
     4.174302027E-06
     3.805181507E-06
     3.467014197E-06
     3.157364666E-06
     2.873974410E-06
     2.614750299E-06
     2.377753670E-06
     2.161190030E-06
     1.963399355E-06
     1.782846953E-06
     1.618114868E-06
     1.467893791E-06
     1.330975465E-06
     1.206245562E-06
     1.092676991E-06
     9.893236368E-07
     8.953144962E-07
     8.098481875E-07
     7.321878240E-07
     6.616562219E-07
     5.976314291E-07
     5.395425556E-07
     4.868658860E-07
     4.391212615E-07
     3.958687129E-07
     3.567053298E-07
     3.212623526E-07
     2.892024716E-07
     2.602173208E-07
     2.340251567E-07
     2.103687065E-07
     1.890131767E-07
     1.697444105E-07
     1.523671845E-07
     1.367036350E-07
     1.225918059E-07
     1.098843091E-07
     9.844708906E-08
     8.815828449E-08
     7.890718145E-08
     7.059324974E-08
     6.312525672E-08
     5.642045318E-08
     5.040382603E-08
     4.500741271E-08
     4.016967278E-08
     3.583491106E-08
     3.195275039E-08
     2.847764855E-08
     2.536845705E-08
     2.258801750E-08
     2.010279282E-08
     1.788253068E-08
     1.589995677E-08
     1.413049485E-08
     1.255201190E-08
     1.114458593E-08
     9.890294687E-09
     8.773023757E-09
     7.778291851E-09
     6.893092290E-09
     6.105749159E-09
     5.405786662E-09
     4.783810871E-09
     4.231402409E-09
     3.741019362E-09
     3.305909479E-09
     2.920030623E-09
     2.577978981E-09
     2.274924151E-09
     2.006550608E-09
     1.769004883E-09
     1.558847878E-09
     1.373011882E-09
     1.208761942E-09
     1.063661002E-09
     9.355386681E-10
     8.224629951E-10
     7.227151483E-10
     6.347667615E-10
     5.572595065E-10
     4.889868264E-10
     4.288774974E-10
     3.759809330E-10
     3.294540762E-10
     2.885496318E-10
     2.526055024E-10
     2.210353790E-10
     1.933203249E-10
     1.690012933E-10
     1.476724210E-10
     1.289750384E-10
     1.125923552E-10
     9.824470965E-11
     8.568534030E-11
     7.469663620E-11
     6.508676730E-11
     5.668674704E-11
     4.934777341E-11
     4.293889193E-11
     3.734490912E-11
     3.246454408E-11
     2.820879585E-11
     2.449949861E-11
     2.126803077E-11
     1.845418109E-11
     1.600514808E-11
     1.387464879E-11
     1.202213878E-11
     1.041211061E-11
     9.013489513E-12
     7.799096112E-12
     6.745167185E-12
     5.830937688E-12
     5.038266493E-12
     4.351317299E-12
     3.756274144E-12
     3.241086640E-12
     2.795249421E-12
     2.409608750E-12
     2.076194464E-12
     1.788071371E-12
     1.539206435E-12
     1.324351381E-12
     1.138946380E-12
     9.790302379E-13
     8.411652442E-13
     7.223672526E-13
     6.200470690E-13
     5.319608266E-13
     4.561641247E-13
     3.909734095E-13
     3.349310495E-13
     2.867757394E-13
     2.454170937E-13
     2.099128837E-13
     1.794487458E-13
     1.533218038E-13
     1.309250793E-13
     1.117350963E-13
     9.530079422E-14
     8.123308741E-14
     6.919695147E-14
     5.890381806E-14
     5.010537210E-14
     4.258824040E-14
     3.616882827E-14
     3.068955994E-14
     2.601502426E-14
     2.202893408E-14
     1.863157450E-14
     1.573746020E-14
     1.327339060E-14
     1.117663589E-14
     9.393326915E-15
     7.877420356E-15
     6.589618270E-15
     5.496265625E-15
     4.568699559E-15
     3.782384530E-15
     3.116467158E-15
     2.553187401E-15
     2.077378982E-15
     1.676141584E-15
     1.338542310E-15
     1.055329892E-15
     8.187114420E-16
     6.220954253E-16
     4.599744912E-16
     3.277739857E-16
     2.217511891E-16
     1.388909286E-16
     7.681501940E-17
     3.372558796E-17
     8.369798942E-18
