     1.133596982E-05
     4.527285208E-05
     0.0001015980306
     0.0001799586933
     0.0002798641428
     0.0004006890091
     0.0005416773406
     0.0007019475461
     0.0008804981522
      0.001076214336
      0.001287875187
      0.001514161652
      0.001753665094
      0.002004896431
      0.002266295759
      0.002536242424
      0.002813065448
      0.003095054258
      0.003380469631
      0.003667554780
      0.003954546526
      0.004239686447
      0.004521231963
      0.004797467260
      0.005066713993
      0.005327341690
      0.005577777799
      0.005816517301
      0.006042131843
      0.006253278314
      0.006448706835
      0.006627268090
      0.006787919977
      0.006929733520
      0.007051898026
      0.007153725449
      0.007234653947
      0.007294250604
      0.007332213324
      0.007348371878
      0.007342688115
      0.007315255334
      0.007266296848
      0.007196163736
      0.007105331825
      0.006994397919
      0.006864075317
      0.006715188649
      0.006548668079
      0.006365542918
      0.006166934696
      0.005954049740
      0.005728171326
      0.005490651440
      0.005242902232
      0.004986387196
      0.004722612161
      0.004453116127
      0.004179462034
      0.003903227501
      0.003625995610
      0.003349345777
      0.003074844785
      0.002804038014
      0.002538440931
      0.002279530886
      0.002028739257
      0.001787443993
      0.001556962585
      0.001338545505
      0.001133370152
     0.0009425353158
     0.0007670561970
     0.0006078599972
     0.0004657820938
     0.0003415628113
     0.0002358447976
     0.0001491710065
     8.198328579E-05
     3.462156663E-05
     7.323644984E-06
     2.255428864E-07
     1.336243404E-05
     4.667011490E-05
     9.998699928E-05
     0.0001730566119
     0.0002655305539
     0.0003769719103
     0.0005068590695
     0.0006545899196
     0.0008194863886
      0.001000799293
      0.001197713455
      0.001409353058
      0.001634787193
      0.001873035565
      0.002123074325
      0.002383841980
      0.002654245349
      0.002933165538
      0.003219463889
      0.003511987864
      0.003809576856
      0.004111067871
      0.004415301063
      0.004721125101
      0.005027402335
      0.005333013736
      0.005636863605
      0.005937884009
      0.006235038951
      0.006527328245
      0.006813791094
      0.007093509348
      0.007365610457
      0.007629270087
      0.007883714423
      0.008128222133
      0.008362126017
      0.008584814326
      0.008795731769
      0.008994380204
      0.009180319028
      0.009353165275
      0.009512593429
      0.009658334966
      0.009790177645
      0.009907964542
       0.01001159287
       0.01010101260
       0.01017622480
       0.01023727996
       0.01028427597
       0.01031735607
       0.01033670663
       0.01034255485
       0.01033516631
       0.01031484246
       0.01028191813
       0.01023675883
       0.01017975820
       0.01011133531
       0.01003193202
      0.009942010358
      0.009842049876
      0.009732545101
      0.009614002993
      0.009486940484
      0.009351882074
      0.009209357509
      0.009059899547
      0.008904041811
      0.008742316742
      0.008575253657
      0.008403376911
      0.008227204175
      0.008047244822
      0.007863998438
      0.007677953438
      0.007489585812
      0.007299357980
      0.007107717765
      0.006915097488
      0.006721913166
      0.006528563829
      0.006335430944
      0.006142877938
      0.005951249833
      0.005760872965
      0.005572054808
      0.005385083879
      0.005200229730
      0.005017743017
      0.004837855646
      0.004660780983
      0.004486714130
      0.004315832264
      0.004148295021
      0.003984244936
      0.003823807919
      0.003667093779
      0.003514196772
      0.003365196181
      0.003220156927
      0.003079130190
      0.002942154050
      0.002809254145
      0.002680444329
      0.002555727337
      0.002435095459
      0.002318531200
      0.002206007941
      0.002097490597
      0.001992936259
      0.001892294823
      0.001795509614
      0.001702517981
      0.001613251886
      0.001527638470
      0.001445600594
      0.001367057370
      0.001291924657
      0.001220115548
      0.001151540821
      0.001086109376
      0.001023728647
     0.0009643049811
     0.0009077440111
     0.0008539509874
     0.0008028310981
     0.0007542897609
     0.0007082328949
     0.0006645671692
     0.0006232002312
     0.0005840409141
     0.0005469994237
     0.0005119875073
     0.0004789186027
     0.0004477079711
     0.0004182728122
     0.0003905323634
     0.0003644079846
     0.0003398232277
     0.0003167038938
     0.0002949780767
     0.0002745761958
     0.0002554310174
     0.0002374776658
     0.0002206536254
     0.0002048987346
     0.0001901551710
     0.0001763674298
     0.0001634822968
     0.0001514488138
     0.0001402182405
     0.0001297440113
     0.0001199816874
     0.0001108889069
     0.0001024253311
     9.455258806E-05
     8.723421513E-05
     8.043559907E-05
     7.412391530E-05
     6.826806630E-05
     6.283861942E-05
     5.780774440E-05
     5.314915117E-05
     4.883802765E-05
     4.485097832E-05
     4.116596334E-05
     3.776223861E-05
     3.462029697E-05
     3.172181045E-05
     2.904957395E-05
     2.658745025E-05
     2.432031658E-05
     2.223401273E-05
     2.031529079E-05
     1.855176655E-05
     1.693187264E-05
     1.544481333E-05
     1.408052116E-05
     1.282961521E-05
     1.168336117E-05
     1.063363307E-05
     9.672876812E-06
     8.794075242E-06
     7.990714990E-06
     7.256754834E-06
     6.586595695E-06
     5.975052124E-06
     5.417325298E-06
     4.908977446E-06
     4.445907681E-06
     4.024329173E-06
     3.640747602E-06
     3.291940876E-06
     2.974940038E-06
     2.687011305E-06
     2.425639209E-06
     2.188510780E-06
     1.973500719E-06
     1.778657523E-06
     1.602190502E-06
     1.442457645E-06
     1.297954311E-06
     1.167302659E-06
     1.049241816E-06
     9.426187180E-07
     8.463795985E-07
     7.595620715E-07
     6.812877937E-07
     6.107556462E-07
     5.472354294E-07
     4.900620152E-07
     4.386299448E-07
     3.923884274E-07
     3.508367304E-07
     3.135199211E-07
     2.800249422E-07
     2.499769972E-07
     2.230362173E-07
     1.988946060E-07
     1.772732248E-07
     1.579196086E-07
     1.406053982E-07
     1.251241661E-07
     1.112894265E-07
     9.893281318E-08
     8.790241196E-08
     7.806123750E-08
     6.928584354E-08
     6.146505101E-08
     5.449879053E-08
     4.829704737E-08
     4.277889892E-08
     3.787164289E-08
     3.350999921E-08
     2.963538809E-08
     2.619527389E-08
     2.314256989E-08
     2.043509827E-08
     1.803510030E-08
     1.590879388E-08
     1.402597252E-08
     1.235964260E-08
     1.088569586E-08
     9.582613893E-09
     8.431200808E-09
     7.414342737E-09
     6.516790886E-09
     5.724966082E-09
     5.026783338E-09
     4.411493068E-09
     3.869539414E-09
     3.392432757E-09
     2.972634656E-09
     2.603455359E-09
     2.278961692E-09
     1.993894336E-09
     1.743594037E-09
     1.523935528E-09
     1.331268280E-09
     1.162363863E-09
     1.014368700E-09
     8.847619118E-10
     7.713178194E-10
     6.720724038E-10
     5.852936980E-10
     5.094550610E-10
     4.432117010E-10
     3.853795176E-10
     3.349166660E-10
     2.909069008E-10
     2.525448627E-10
     2.191230454E-10
     1.900202909E-10
     1.646915279E-10
     1.426587111E-10
     1.235028290E-10
     1.068568028E-10
     9.239923197E-11
     7.984888912E-11
     6.895978872E-11
     5.951690937E-11
     5.133239142E-11
     4.424221328E-11
     3.810323402E-11
     3.279060090E-11
     2.819546748E-11
     2.422299671E-11
     2.079063050E-11
     1.782648637E-11
     1.526805492E-11
     1.306100082E-11
     1.115810840E-11
     9.518373359E-12
     8.106207408E-12
     6.890742771E-12
     5.845226930E-12
     4.946478402E-12
     4.174430841E-12
     3.511720290E-12
     2.943338118E-12
     2.456316494E-12
     2.039470067E-12
     1.683150922E-12
     1.379056118E-12
     1.120044555E-12
     8.999912044E-13
     7.136561518E-13
     5.565670205E-13
     4.249269797E-13
     3.155286733E-13
     2.256866620E-13
     1.531792453E-13
     9.619931459E-14
     5.331614785E-14
     2.344473816E-14
     5.823576023E-15
